input_0.dat
740	    939	    967	    1037	1044	1808	1937	2014	2192	2580	3318	3936	5941	5986	6383	6383	6770	6819	7322	7481	8078	8276	8325	8595	8860	9254	9553	10463	10693	12704	12742	12928	15066	17396	19773	19872	20704	21268	21673	27797	65799	65799	65799	76992							
0.772	0.801	0.814	0.841	0.878	0.958	1.367	1.733	2.061	2.296	2.572	2.713	2.892	3.375	3.463	4.357	5.132	5.167	6.053	6.408	6.823	6.856	7.745	9.176	10.377	11.322	11.451	11.582	13.689	17.748	44.909	95.394	98.013	106.528	140.583	178.833	207.779	231.454	315.914	325.491	426.955	486.012	509.241	1778.512							
input_1.dat
1200	1200	1204	1210	1217	1219	1224	1227	1227	1228	1238	1240	1241	1244	1244	1244	1245	1247	1249	1250	1253	1253	1253	1253	1254	1256	1257	1260	1261	1264	1265	1267	1268	1269	1275	1289	1295	1415	1423	1424	1450	1450	1467	1467	1471	1584	1692	2390	2400	2400	2400
0.03	0.031	0.031	0.032	0.032	0.034	0.034	0.037	0.038	0.038	0.039	0.041	0.042	0.042	0.044	0.045	0.046	0.046	0.047	0.047	0.048	0.049	0.05	0.05	0.053	0.053	0.053	0.054	0.055	0.055	0.056	0.057	0.057	0.058	0.059	0.06	0.063	0.065	0.065	0.067	0.068	0.071	0.072	0.078	0.078	0.111	0.234	0.264	1.128	8.278	35.118
input_2.dat
2123	2124	2135	2143	2152	2156	2167	2174	2183	2185	2189	2193	2193	2195	2198	2199	2200	2201	2204	2205	2206	2207	2207	2210	2211	2212	2213	2215	2218	2224	2234	2238	2246	2252	2253	2265	2291	2362	2540	2548	2575	2575	2575	2621	2626	2786	2821	4419	4470	4470	4470
0.043	0.044	0.044	0.045	0.046	0.058	0.059	0.064	0.073	0.075	0.079	0.08	0.082	0.083	0.095	0.096	0.097	0.098	0.099	0.099	0.101	0.104	0.105	0.108	0.109	0.112	0.115	0.117	0.117	0.125	0.126	0.128	0.135	0.137	0.139	0.139	0.148	0.158	0.16	0.162	0.164	0.171	0.171	0.189	0.193	0.222	0.884	0.984	15.835	152.385	220.13
input_3.dat
26464	26570	26585	26774	26838	26842	26845	26946	26966	27107	27147	27265	27290	27338	27442	27603	27616	27627	27646	27735	27748	27779	27820	27831	27837	27837	27837	27845	27926	27971	28069	28079	28234	28357	28666	28909	30791	30903	30938	31124	31124	31124	32381	34801	47161	47238	47238	47238			
0.362	0.374	0.379	0.386	0.456	0.777	0.842	0.895	1.149	1.374	1.522	1.676	1.832	1.939	1.941	2.065	2.126	2.153	2.258	2.285	2.339	2.35	2.609	2.626	2.848	2.958	3.034	3.23	3.304	3.498	4.036	5.342	5.523	5.588	5.779	5.84	6.915	7.299	7.928	10.079	12.019	20.989	28.034	28.627	28.827	42.314	45.696	324.791			
input_4.dat
43310	43697	43794	44083	44169	44416	44470	44580	44613	44665	44667	44715	44801	44817	44818	44839	44890	44892	44892	44892	44950	44989	45024	45035	45045	45060	45085	45099	45183	45233	45247	45648	45877	46030	46316	47744	49847	51741	51769	52061	53210	53210	56884	82514	82801	82801	82801				
0.766	0.797	0.816	0.82	1.036	1.165	2.281	3.34	3.564	4.258	4.548	4.632	4.767	5.799	5.921	6.264	6.452	6.491	6.936	7.757	8.15	8.254	9.156	9.67	9.944	10.255	10.591	10.596	11.243	11.299	11.877	12.398	13.042	13.405	14.744	18.695	19.158	20.731	21.289	22.528	85.282	97.519	186.958	352.108	446.265	528.525	3434.369				
input_5.dat
138688	140035	140244	141189	141356	142439	142495	142633	142636	142646	142656	142659	143021	143359	143470	143497	143498	143542	143613	143630	143778	143908	143909	143932	144048	144048	144048	144052	144164	144344	146364	146595	147082	150974	156364	159942	162690	162721	163332	166081	166081	166081	178508	251653	251653	251653	252806				
2.609	2.657	2.717	2.779	3.524	4.959	11.3	11.589	14.656	16.367	16.675	18.68	19.239	19.446	23.612	23.769	26.346	26.901	28.096	28.291	31	33.178	36.525	37.774	37.952	41.985	45.449	51.668	51.696	53.85	58.583	67.376	68.296	79.743	80.145	80.703	93.791	147.414	153.383	201.175	553.221	592.933	776.018	2187.583	2249.027	2250.942	3409.459				
