example.dat 
<minWL> <maxWL> <minArea> <maxArea> 
<cutsize1> <cutsize2> ... # sorted with non-decreasing order
<runtime1> <runtime2> ... # sorted with non-decreasing order
ami33
70612	742941	1206037	2871204																																												
0.010636964	0.013578102	0.014198276	0.020081747	0.020752855	0.02330486	0.030079626	0.031495682	0.034433766	0.035492552	0.038208646	0.039390057	0.039824073	0.041937325	0.042733017	0.04371504	0.047852626	0.048382196	0.049309511	0.057106891	0.065942415	0.085872984	0.088320949	0.108088592	0.109080294	0.109361698	0.142613023	0.159138323	0.159220763	0.169524329	0.187215737	0.201465683	0.250861875	0.258444178	0.277569711	0.280043752	0.323367508	0.327868126	0.375372307	0.772724598	1							
0.000058	0.00014	0.000471	0.000663	0.001435	0.002247	0.018093	0.019083	0.029254	0.047534	0.051812	0.078661	0.091108	0.091633	0.1335	0.174019	0.584428	0.659307	0.739	0.822965	0.83011	0.864374	1.255	1.31506	1.44148	2.008	2.044	2.15731	2.247	2.280897	3.3617	6.47373	6.894677	6.959618	8.205715	10.0052	15.129298	17.049	1472.071	2349								
ami49
817467	2831766	38205888	90046320																																												
0.010106166	0.029428518	0.055659017	0.056072188	0.071432231	0.071439319	0.076728044	0.076789573	0.077603557	0.089876917	0.089970886	0.09074502	0.093755852	0.119242949	0.122195728	0.158222212	0.253703726	0.313141769	0.328415997	0.33095597	0.339896162	0.349406627	0.350577925	0.360102022	0.371745475	0.374592758	0.38620037	0.403504557	0.418471303	0.460453226	0.46504971	0.470058796	0.484818165	0.523901632	0.611599881	0.640523665	0.64745628	0.711480185	0.731983867	0.768243747	0.870410038	0.914613335	0.932781826	0.945820176	0.949305389	0.977712917	1	
0.0001	0.000272	0.001585	0.003082	0.003908	0.007799	0.028835	0.033361	0.059	0.070042	0.086112	0.145887	0.18627	0.19894	0.199737	0.335769	0.380902	0.6128	1.066	1.52695	1.57737	3.07805	3.19401	3.2431	3.24573	4.376	4.820274	5.09022	5.346786	5.506	5.74617	6.046897	6.408	7.594	10.022	11.5717	12.960866	14.75857	16.557304	16.620899	39.157	52.210152	79.962997	89.644	2443.358	3501		
apte
596698	1066932	47302240	111445104																																												
0.004583269	0.022093551	0.024593519	0.0273612	0.030490909	0.036573156	0.049720702	0.051792536	0.052588829	0.065695783	0.072072923	0.077945974	0.103204894	0.103644802	0.147818427	0.193638933	0.196727783	0.202925333	0.24019835	0.298775686	0.306608701	0.326678758	0.339135466	0.358604918	0.362901409	0.411369364	0.434008156	0.451101272	0.468658689	0.470712095	0.470712095	0.488211516	0.534591505	0.535956178	0.592205157	0.610084244	0.610669587	0.617136064	0.659370448	0.679397924	0.757711536	0.769985409	0.770289136	0.912877418	1			
0.000226	0.000791	0.000859	0.001024	0.003187	0.004309	0.007954	0.012372	0.012449	0.012692	0.013247	0.014978	0.024435	0.026108	0.042438	0.045781	0.048	0.052	0.055122	0.057045	0.08543	0.15534	0.23	0.238172	0.267	0.391853	0.402	0.41148	0.419976	0.47337	0.494948	0.755199	0.756156	0.97	1.292	1.448185	1.78337	1.887387	3.331	3.879765	3.902021	10.002	78	303.974				
hp
168924	316071	9282560	21237776																																												
0.023986472	0.042215883	0.063600189	0.097268886	0.104145854	0.120629431	0.123144363	0.125272167	0.127402557	0.150600663	0.153612935	0.179438703	0.197698417	0.217689295	0.231627791	0.258695375	0.273788932	0.275920516	0.310263236	0.326096964	0.333469752	0.34391509	0.385858478	0.387220349	0.387672901	0.410153024	0.410402318	0.433917258	0.463174537	0.49437132	0.504790165	0.524048811	0.547545014	0.57760602	0.590988721	0.614013544	0.670930549	0.785870657	0.791263503	0.792743511	0.88105598	0.889648502	0.957399743	1				
0.000122	0.00033	0.000679	0.000742	0.001998	0.008493	0.009251	0.013	0.013127	0.013235	0.013821	0.014625	0.017257	0.0266	0.043786	0.046778	0.05255	0.054393	0.078617	0.094364	0.16752	0.251339	0.291	0.317	0.38974	0.390002	0.423	0.426158	0.498889	0.541384	0.602	0.622343	0.895	0.973	1.06636	1.092	1.099795	2.346603	2.40096	2.421889	3.053	10.0012	117	406.812				
xerox
492289	957862	19831084	41428244																																												
0.009388319	0.017907771	0.019635868	0.059671858	0.070279233	0.07402161	0.076368703	0.080875466	0.084866773	0.106580446	0.109792127	0.120819613	0.126611428	0.130672226	0.131729696	0.143890352	0.154371028	0.179110105	0.187370863	0.201479684	0.23297918	0.263804332	0.305180756	0.316290877	0.321996541	0.33509676	0.339401082	0.350983168	0.352592585	0.362491105	0.399053597	0.428219806	0.431172315	0.442084973	0.471078774	0.482655155	0.487284687	0.502989116	0.55704026	0.559086589	0.570838752	0.575400552	0.594039893	0.635867432	0.652891325	0.734198504	0.87293584	1
0.000136	0.000276	0.000794	0.000936	0.002485	0.003546	0.009747	0.010846	0.011407	0.012158	0.013422	0.014998	0.017276	0.018306	0.019	0.034265	0.049282	0.064511	0.066623	0.07192	0.123883	0.151729	0.153	0.194	0.2693	0.302888	0.345	0.428387	0.444402	0.452	0.548902	0.63477	0.8804	0.971	1.1268	1.54711	1.60776	1.726	2.031	2.219445	2.286059	3.852608	4.941838	6.459748	6.546	10.0032	354.6879	
